Temperature density viscosity   Re
0.4768511551    0.1 0.1195793707    0.8362646449
0.6862466636    0.1 0.1557963186    0.6418636904
0.6835275612    0.1 0.1503512227    0.6651093232
0.8962922347    0.1 0.1711309723    0.5843477581
0.8875400318    0.1 0.1797647471    0.556282595
1.0977156017    0.1 0.2194866338    0.4556086093
1.0842618724    0.1 0.2118078457    0.4721260426
1.3039400952    0.1 0.2258124991    0.4428452827
1.4722803113    0.1 0.2102951198    0.4755222095
1.7143339568    0.1 0.2556292489    0.3911915418
1.8786324418    0.1 0.2881920664    0.346990815
2.1171234325    0.1 0.288614917 0.3464824377
2.474296047 0.1 0.3556052745    0.2812106771
2.7155706258    0.1 0.3652613255    0.2737765896
2.8725216401    0.1 0.3450216976    0.2898368441
3.087500828 0.1 0.3696399501    0.2705335285
3.2467919138    0.1 0.4099263418    0.243946265
3.5126140417    0.1 0.4039894518    0.2475312154
3.6746383588    0.1 0.4359948386    0.2293605133
3.9241294525    0.1 0.4688196806    0.2133016256
4.0642940039    0.1 0.8218890744    0.1216709202
4.3101263252    0.1 0.4730386706    0.2113992073
0.4605025996    0.2 0.1500264038    1.3330986744
0.6364456461    0.2 0.1807599985    1.1064394869
0.6660899423    0.2 0.1806916779    1.1068578386
0.8479040169    0.2 0.2054969896    0.9732502668
0.8627128959    0.2 0.2080726618    0.9612026793
1.053426703 0.2 0.235287104 0.8500253374
1.0584321167    0.2 0.2297819188    0.8703905033
1.2482961563    0.2 0.2520852217    0.7933824865
1.4436921379    0.2 0.2598153995    0.7697773126
1.6652248461    0.2 0.2958005314    0.6761313073
1.8649996135    0.2 0.3126050265    0.639784978
2.0625894427    0.2 0.3335748629    0.5995655615
2.4748736186    0.2 0.347168713 0.5760887791
2.6450491585    0.2 0.3886194326    0.5146423035
2.8480428938    0.2 0.4304897133    0.4645871755
3.059899418 0.2 0.3999354596    0.5000806885
3.2457506535    0.2 0.394641974 0.5067884645
3.4461085798    0.2 0.4358710381    0.4588513173
3.6648542947    0.2 0.4160092125    0.4807585842
3.8379873158    0.2 0.4604823118    0.4343272149
4.031494708 0.2 0.4472074163    0.4472197748
4.2274049154    0.2 0.4699692373    0.4255597688
0.4570209457    0.3 0.1977385562    1.5171548016
0.6116141858    0.3 0.2273692664    1.3194395389
0.6564873214    0.3 0.2290874667    1.309543487
0.8163019284    0.3 0.2591756249    1.1575162598
0.8611290984    0.3 0.2743562744    1.0934687047
1.022733746 0.3 0.2826295849    1.061460003
1.0604039219    0.3 0.3026512142    0.9912400343
1.2314408442    0.3 0.3129180064    0.9587175996
1.4589431162    0.3 0.3349140916    0.8957520974
1.6379213002    0.3 0.362694908 0.8271414718
1.860302193 0.3 0.3799973659    0.7894791567
2.0372636073    0.3 0.3890209535    0.7711666873
2.4593233482    0.3 0.4162381809    0.7207411856
2.6240373896    0.3 0.4305158162    0.6968385103
2.8416908008    0.3 0.4667559498    0.6427341743
3.0277174616    0.3 0.4857168473    0.6176438015
3.241396014 0.3 0.4915710045    0.6102882335
3.4206301339    0.3 0.5030349967    0.5963799775
3.628993814 0.3 0.5150488972    0.5824689687
3.8284357352    0.3 0.5368700958    0.5587943943
4.0233604516    0.3 0.564411527 0.5315270608
4.2267499862    0.3 0.5596600031    0.5360397355
0.4535189766    0.4 0.291181612 1.3737131173
0.5985090198    0.4 0.3256150823    1.2284443252
0.6557378955    0.4 0.3349213375    1.1943102908
0.807397097 0.4 0.3613795258    1.106869569
0.8494426174    0.4 0.3724661934    1.0739229684
1.0097811458    0.4 0.3920932865    1.0201653887
1.049299111 0.4 0.3948129477    1.0131379995
1.2132528386    0.4 0.4214125675    0.9491885882
1.4526702621    0.4 0.4483523877    0.8921553915
1.6172028914    0.4 0.4648899008    0.8604187773
1.8483328742    0.4 0.4765209647    0.8394174226
2.014607846 0.4 0.5002137349    0.7996581702
2.4405804585    0.4 0.5388927597    0.7422627097
2.6109350786    0.4 0.5550391017    0.720669947
2.8437251917    0.4 0.5816837644    0.6876588698
2.9981545377    0.4 0.5940671119    0.6733245992
3.2509538016    0.4 0.6254407683    0.6395489714
3.3949343493    0.4 0.6285024916    0.6364334356
3.6229001523    0.4 0.6374820857    0.6274686128
3.7923094434    0.4 0.6631854207    0.603149568
4.0305885396    0.4 0.6603897917    0.6057028819
4.1921924997    0.4 0.6851471134    0.5838162231
0.4553993605    0.5 0.42211077  1.1845232
0.5999418184    0.5 0.4586533011    1.090148046
0.6536833771    0.5 0.4677509004    1.0689450294
0.8079898132    0.5 0.5022265023    0.9955667368
0.8521994103    0.5 0.5171749656    0.9667908024
1.0089553633    0.5 0.5343168747    0.9357743011
1.0505904405    0.5 0.5436582561    0.919695405
1.2029458494    0.5 0.5645277353    0.8856960761
1.4545261238    0.5 0.5988912239    0.8348761513
1.6036687629    0.5 0.6148995098    0.8131409962
1.8523917454    0.5 0.6639612634    0.7530559801
2.0048085497    0.5 0.653036284 0.7656542404
2.4412820348    0.5 0.6991623252    0.7151415086
2.5986501206    0.5 0.7205029889    0.6939596472
2.8385515611    0.5 0.7277501777    0.6870489563
2.9967170751    0.5 0.7587277734    0.6589978877
3.2503131338    0.5 0.7692123635    0.6500155532
3.3938954428    0.5 0.7830617487    0.6385192493
3.6233268642    0.5 0.8026848311    0.6229094915
3.7823060485    0.5 0.8067618485    0.6197615826
4.0292135586    0.5 0.8465140893    0.5906576232
4.1883128871    0.5 0.8284876812    0.6035092752
0.4567633786    0.6 0.6718719351    0.8930273295
0.6081216304    0.6 0.7092480583    0.8459663625
0.6549357172    0.6 0.7345263875    0.8168528867
0.8110961805    0.6 0.7544622923    0.7952683734
0.8558034581    0.6 0.7689243363    0.7803108468
1.0134465347    0.6 0.7882167421    0.7612119458
1.0522486412    0.6 0.8123992576    0.7385531121
1.2114046032    0.6 0.8269220847    0.7255822659
1.4488879507    0.6 0.8622631333    0.695843272
1.6105549385    0.6 0.8735561263    0.6868476815
1.8543431219    0.6 0.8920549082    0.6726043369
2.002624848 0.6 0.918339916 0.6533528485
2.4450547979    0.6 0.9454597852    0.6346118676
2.6003436819    0.6 0.9805953868    0.611873162
2.8343661039    0.6 1.0003022855    0.5998186835
2.9996652416    0.6 1.0202863479    0.5880702032
3.2365004396    0.6 1.0061890301    0.5963094231
3.3904496354    0.6 1.0439252532    0.5747537941
3.6356839229    0.6 1.1120669675    0.5395358531
3.7929883595    0.6 1.0799393864    0.5555867371
4.0241931619    0.6 1.0642783899    0.5637622691
4.1741265232    0.6 1.0941376423    0.5483770751
0.4651070113    0.7 1.1366125079    0.6158651213
0.626173714 0.7 1.145813506 0.6109196622
0.6633646262    0.7 1.1834518936    0.5914900333
0.8283393352    0.7 1.1797715929    0.5933351881
0.8602326532    0.7 1.1953517935    0.5856016646
1.0282276117    0.7 1.2158383765    0.5757344179
1.0585011008    0.7 1.2272467519    0.5703824426
1.2245623322    0.7 1.2246516318    0.5715911218
1.4529809903    0.7 1.2675481802    0.5522472526
1.6220568878    0.7 1.2750103182    0.5490151648
1.8478411805    0.7 1.3078548096    0.535227607
2.0132328902    0.7 1.3043722166    0.5366566315
2.4394175742    0.7 1.3394270366    0.5226115203
2.6068674792    0.7 1.3689215408    0.5113514392
2.8430277029    0.7 1.4169937582    0.4940035875
3.006342328 0.7 1.3830132781    0.5061411999
3.2266941826    0.7 1.414794969 0.4947713381
3.3912263944    0.7 1.4183578539    0.493528483
3.6250892735    0.7 1.4098975645    0.4964899704
3.7830722839    0.7 1.4301366169    0.489463728
4.0282664652    0.7 1.4695376219    0.4763403057
4.1800730337    0.7 1.4965228   0.4677509758
0.4863367876    0.8 2.3095628019    0.3463859044
0.6729174702    0.8 2.0530692796    0.389660499
0.6778187921    0.8 2.1973582467    0.364073542
0.8688912321    0.8 2.0371227309    0.3927107522
0.8733569955    0.8 2.1045279977    0.3801327428
1.0626313262    0.8 2.0126091229    0.3974939748
1.0677760424    0.8 2.0640733187    0.3875831313
1.2576512579    0.8 2.0047339706    0.3990554416
1.4614773413    0.8 2.0001555455    0.3999688933
1.6445851586    0.8 1.9855820832    0.4029045219
1.8534153427    0.8 2.0038793013    0.3992256417
2.0349734058    0.8 1.9768468876    0.404684857
2.4486409847    0.8 2.0324345098    0.393616619
2.6196396289    0.8 1.982111805 0.4036099265
2.8459254667    0.8 2.008454947 0.3983161291
3.0180467489    0.8 2.0145160088    0.3971177179
3.23803961  0.8 2.0253434126    0.3949947426
3.4085404937    0.8 2.0000196869    0.3999960627
3.638799759 0.8 2.0524966687    0.3897692075
3.8030148621    0.8 2.0284485634    0.3943900843
4.0238008992    0.8 2.0476285526    0.3906958608
4.1878581423    0.8 2.0273065617    0.3946122481
0.5378315321    0.9 8.7574029941    0.1027701935
0.7555187974    0.9 4.1552887231    0.2165914477
0.7192449877    0.9 5.0276311514    0.1790107454
0.9438057537    0.9 3.6354902165    0.2475594614
0.9029536219    0.9 4.0571324066    0.2218315573
1.127641969 0.9 3.38217269  0.2661011375
1.0891321315    0.9 3.6439591467    0.2469841082
1.3133414201    0.9 3.2379045687    0.2779575435
1.4757108296    0.9 3.2694314715    0.275277218
1.6911347801    0.9 3.0609211613    0.2940291346
1.8647347975    0.9 3.0842479295    0.2918053349
2.0740334891    0.9 2.974130773 0.302609424
2.4476023431    0.9 2.9058901435    0.3097157689
2.65255561  0.9 2.8534930357    0.3154029075
2.8500338922    0.9 2.8743392055    0.3131154452
3.0388774081    0.9 2.8181958411    0.3193532496
3.2406840891    0.9 2.8272758251    0.3183276255
3.4293136012    0.9 2.8172577784    0.3194595847
3.6252432418    0.9 2.8091696935    0.3203793641
3.818613026 0.9 2.7835854598    0.3233240053
4.030323732 0.9 2.8079147075    0.3205225563
4.2133099283    0.9 2.7729819393    0.3245603541
0.1672102707    0.1 0.076877193 1.3007759008
0.3329556974    0.1 0.1044352165    0.9575314088
0.2250749852    0.1 0.0903585492    1.106702142
0.3924680926    0.1 0.1130388724    0.8846514293
0.2746529902    0.1 0.0990108689    1.0099901263
0.4458560262    0.1 0.125828663 0.7947314837
0.3249438535    0.1 0.1028457555    0.9723298688
0.5161978749    0.1 0.1402428662    0.713048747
0.3829812617    0.1 0.110675621 0.9035413496
0.5737273572    0.1 0.1494899053    0.6689414899
0.4280105103    0.1 0.1119424089    0.8933164921
0.6170855562    0.1 0.1437599531    0.6956040112
0.4768511551    0.1 0.1195793707    0.8362646449
0.6862466636    0.1 0.1557963186    0.6418636904
0.5305699177    0.1 0.130704541 0.7650843594
0.7390151458    0.1 0.1654357727    0.604464188
0.5754608804    0.1 0.1343778931    0.7441700247
0.7949048856    0.1 0.1795270208    0.5570192138
0.6340922978    0.1 0.1379858965    0.724711746
0.841057877 0.1 0.1800601822    0.5553698702
0.1525659062    0.2 0.0889227964    2.2491420432
0.2921281804    0.2 0.1217082375    1.6432741457
0.2060345233    0.2 0.1027025762    1.9473708197
0.355671455 0.2 0.1332181164    1.5012973119
0.2591313431    0.2 0.110748232 1.8058979032
0.4124856273    0.2 0.1450315911    1.3790099009
0.312806159 0.2 0.1266253332    1.5794627739
0.4708624858    0.2 0.1533983042    1.3037953777
0.3624927842    0.2 0.1354750933    1.4762861211
0.5215612069    0.2 0.1598017463    1.2515507789
0.4151582253    0.2 0.1551498926    1.2890759812
0.5809947203    0.2 0.1730112861    1.1559939497
0.4605025996    0.2 0.1500264038    1.3330986744
0.6364456461    0.2 0.1807599985    1.1064394869
0.5153424583    0.2 0.1594650537    1.2541932877
0.6904975519    0.2 0.1901794461    1.0516383557
0.5684104696    0.2 0.1712761998    1.167704563
0.7356182841    0.2 0.1900828846    1.0521725848
0.614867458 0.2 0.1767797922    1.1313510299
0.7966938162    0.2 0.2042773485    0.9790610728
0.1485807397    0.3 0.1231906307    2.4352501348
0.2735239212    0.3 0.1610210549    1.8631103881
0.2016829902    0.3 0.1418359668    2.1151193643
0.3369006262    0.3 0.1782141358    1.6833681494
0.2549973958    0.3 0.1588784208    1.8882362905
0.3944982795    0.3 0.1889098077    1.5880594222
0.3040119672    0.3 0.1668399429    1.79813056
0.4478657297    0.3 0.1983451528    1.5125149053
0.3572002767    0.3 0.1769402878    1.6954872387
0.5079074228    0.3 0.2131295763    1.4075944089
0.4043530014    0.3 0.1943479228    1.5436233928
0.5579620115    0.3 0.2166786076    1.3845390797
0.4570209457    0.3 0.1977385562    1.5171548016
0.6116141858    0.3 0.2273692664    1.3194395389
0.5106203593    0.3 0.208973679 1.4355874931
0.6619106957    0.3 0.2371536796    1.2650025105
0.552661237 0.3 0.2071059415    1.4485340106
0.7155944856    0.3 0.2454059646    1.222464175
0.607498378 0.3 0.2295224727    1.3070615545
0.7666701611    0.3 0.250882392 1.1957794152
0.146571012 0.4 0.1946849956    2.0546010686
0.2700940856    0.4 0.2432008467    1.644731116
0.2001019861    0.4 0.2199990298    1.8181898367
0.3286877839    0.4 0.2605309712    1.5353261001
0.2515400988    0.4 0.2377033709    1.6827695733
0.3872713403    0.4 0.2771298547    1.443366686
0.3015629855    0.4 0.2500965585    1.5993822639
0.4389750742    0.4 0.2885239718    1.3863666074
0.3560664283    0.4 0.2688541288    1.4877956377
0.4937761891    0.4 0.2998558321    1.3339743875
0.4036117941    0.4 0.2792742602    1.432283805
0.5485471267    0.4 0.3144450588    1.2720823204
0.4535189766    0.4 0.291181612 1.3737131173
0.5985090198    0.4 0.3256150823    1.2284443252
0.506409113 0.4 0.3106393545    1.2876668528
0.6525410084    0.4 0.3338054986    1.1983026095
0.5553985541    0.4 0.3260261479    1.2268954577
0.7067058187    0.4 0.3447626542    1.1602184724
0.6046770815    0.4 0.3207825991    1.2469504303
0.7546640582    0.4 0.3541689549    1.1294044679
0.1494102946    0.5 0.3031684591    1.6492480832
0.2728784866    0.5 0.3588243753    1.3934393382
0.2014463301    0.5 0.3308835526    1.5111056323
0.3317647445    0.5 0.3795584447    1.3173201835
0.2518595861    0.5 0.3511338581    1.4239583806
0.3880272306    0.5 0.4009864985    1.2469247765
0.302630385 0.5 0.3746155958    1.3347015061
0.4438726512    0.5 0.4187362328    1.194069108
0.3540711728    0.5 0.3931469006    1.2717892453
0.4954406175    0.5 0.4331054058    1.1544533809
0.4056852711    0.5 0.4121757286    1.2130748255
0.5482189033    0.5 0.4432343834    1.1280713291
0.4553993605    0.5 0.42211077  1.1845232
0.5999418184    0.5 0.4586533011    1.090148046
0.5071260255    0.5 0.437068634 1.1439850886
0.6550170159    0.5 0.4703481464    1.0630423523
0.553690455 0.5 0.4443454614    1.1252506067
0.7051536135    0.5 0.4803526412    1.0409019481
0.6050283347    0.5 0.4606613305    1.0853960749
0.756197855 0.5 0.4900689045    1.0202646921
0.15405443  0.6 0.530785525 1.13040008
0.2818260173    0.6 0.5916307064    1.0141461448
0.2054067445    0.6 0.5639739247    1.0638789733
0.3400127706    0.6 0.6206276246    0.9667632832
0.2570815567    0.6 0.5996206323    1.0006326795
0.3980163271    0.6 0.6463898821    0.9282323512
0.3061803317    0.6 0.6193381903    0.968776041
0.4521883997    0.6 0.6686284048    0.8973594237
0.3573086815    0.6 0.6450125287    0.9302144894
0.5039628157    0.6 0.6783734982    0.8844685142
0.408736148 0.6 0.6576364109    0.9123582425
0.556228027 0.6 0.6922086468    0.8667906747
0.4567633786    0.6 0.6718719351    0.8930273295
0.6081216304    0.6 0.7092480583    0.8459663625
0.5071540467    0.6 0.6891116673    0.8706861725
0.6597882436    0.6 0.7217876932    0.8312693686
0.5555339983    0.6 0.6999769935    0.8571710293
0.7118534387    0.6 0.7378931416    0.8131258663
0.6056816554    0.6 0.7194690067    0.8339483625
0.7615300143    0.6 0.7432599207    0.8072546135
0.1655800548    0.7 1.0323020806    0.6780960856
0.3038782952    0.7 1.0394972621    0.6734024471
0.2165982423    0.7 1.0682309555    0.6552890051
0.3626459574    0.7 1.0698471667    0.6542990642
0.2675255229    0.7 1.104536406 0.6337500477
0.4179051285    0.7 1.0910527789    0.6415821613
0.3170184579    0.7 1.1086262814    0.6314120563
0.4720737291    0.7 1.1067317667    0.6324929139
0.3670165166    0.7 1.1208253838    0.6245397455
0.5242482964    0.7 1.1229162275    0.6233768672
0.4159134247    0.7 1.133959516 0.6173059885
0.5765852541    0.7 1.1366090309    0.6158670053
0.4651070113    0.7 1.1366125079    0.6158651213
0.626173714 0.7 1.145813506 0.6109196622
0.5156303232    0.7 1.160143186 0.6033737977
0.6783912197    0.7 1.159765007 0.6035705473
0.5649282165    0.7 1.1564059231    0.605323776
0.7292787001    0.7 1.1683329856    0.5991442582
0.611562082 0.7 1.1620024448    0.6024083711
0.7770808277    0.7 1.170958669 0.5978007751
0.1930858301    0.8 2.7817839927    0.2875852338
0.3527707043    0.8 2.1457622505    0.3728278843
0.2442890665    0.8 2.6365848716    0.3034228136
0.4112058405    0.8 2.1014747511    0.3806850401
0.2939203985    0.8 2.5320820704    0.3159455254
0.4659367641    0.8 2.0836436341    0.3839428139
0.3420949177    0.8 2.4638897599    0.3246898514
0.5195058746    0.8 2.0721848361    0.3860659465
0.3906286495    0.8 2.4058079207    0.332528625
0.5719489044    0.8 2.0723757175    0.3860303869
0.4381264783    0.8 2.346183747 0.3409792609
0.621697061 0.8 2.0637836047    0.3876375402
0.4863367876    0.8 2.3095628019    0.3463859044
0.6729174702    0.8 2.0530692796    0.389660499
0.5334506267    0.8 2.2646872184    0.3532496645
0.72354806  0.8 2.0553962011    0.389219363
0.5827112912    0.8 2.2455368513    0.3562622451
0.7703774255    0.8 2.0466959496    0.3908738863
0.6299450681    0.8 2.2181976136    0.3606531695
0.8196870034    0.8 2.0395351074    0.3922462512
0.2451345875    0.9 247.902197389   0.003630464
0.437430344 0.9 11.6308709724   0.0773802755
0.3015395526    0.9 80.8328603214   0.0111340858
0.4989058414    0.9 8.0670016486    0.111565615
0.3517842584    0.9 39.331306198    0.0228825352
0.5572517367    0.9 6.3766927816    0.1411389933
0.4001819575    0.9 23.1862348894   0.038816134
0.609689944 0.9 5.4182329497    0.166105815
0.4463462491    0.9 15.0126933772   0.0599492694
0.6599228006    0.9 4.8157843496    0.1868854448
0.4929726561    0.9 11.2940164383   0.0796882141
0.7079371202    0.9 4.4582333594    0.2018736857
0.5378315321    0.9 8.7574029941    0.1027701935
0.7555187974    0.9 4.1552887231    0.2165914477
0.5831618957    0.9 7.2166610915    0.1247114127
0.8032010919    0.9 3.9566365815    0.227465925
0.6271973189    0.9 6.198961702 0.1451856042
0.8490555963    0.9 3.8332567963    0.2347872965
0.6726288721    0.9 5.5055135096    0.1634724896
0.8954531261    0.9 3.7145399411    0.2422911085
0.1512548991    0.15    0.0779753128    1.9236857743
0.285568039 0.15    0.1073772336    1.396944166
0.2032102586    0.15    0.0900205717    1.6662857967
0.3466773423    0.15    0.1199349199    1.2506782852
0.2571712454    0.15    0.1053391981    1.423971349
0.4075372253    0.15    0.128191685 1.1701226957
0.3093023334    0.15    0.1124364033    1.3340874978
0.4681627586    0.15    0.1443350819    1.03924838
0.3559092247    0.15    0.1171566019    1.2803375782
0.5224940646    0.15    0.1520255251    0.9866764144
0.4111414825    0.15    0.1282235371    1.1698320244
0.5775564512    0.15    0.1536097175    0.9765007216
0.4647061452    0.15    0.1397482089    1.0733590161
0.6280304424    0.15    0.1611640593    0.9307286047
0.5121382142    0.15    0.1397010297    1.0737215064
0.6837756996    0.15    0.1697266226    0.8837741405
0.5643890779    0.15    0.1480215412    1.0133660191
0.7335013341    0.15    0.1784903418    0.8403816056
0.6089054925    0.15    0.157773845 0.9507279234
0.7820519623    0.15    0.1783812963    0.8408953353
0.6623204778    0.15    0.1649478063    0.9093785688
0.8381421583    0.15    0.1905865993    0.7870437928
0.7598710465    0.15    0.1660800692    0.9031788146
0.9410773778    0.15    0.1994003905    0.7522552971
0.8633280876    0.15    0.1905186354    0.787324556
1.0403679266    0.15    0.2104850548    0.7126396701
0.9533012289    0.15    0.1857491961    0.8075405069
1.1410748214    0.15    0.2214853354    0.6772457407
1.0502337521    0.15    0.1989056523    0.7541263823
1.2442667769    0.15    0.2327555209    0.644453027
2.0445640718    0.15    0.3158939766    0.4748428622
2.2402727053    0.15    0.3266928663    0.4591468485
0.1443551356    0.25    0.1094770945    2.2835827097
0.2641218723    0.25    0.141338442 1.7688039894
0.1959200057    0.25    0.1196966061    2.0886139387
0.3193998771    0.25    0.152780419 1.6363353476
0.2494354201    0.25    0.1378583007    1.8134562711
0.3804106538    0.25    0.1656381534    1.5093140975
0.3008013715    0.25    0.1467859383    1.7031604177
0.4340390957    0.25    0.1744043815    1.4334502259
0.3506298189    0.25    0.1591709767    1.5706380976
0.4892791874    0.25    0.1867003568    1.3390440395
0.4022976996    0.25    0.1670636235    1.4964358769
0.5421007173    0.25    0.1934755153    1.2921531677
0.4518304535    0.25    0.1776209172    1.4074918876
0.5958802802    0.25    0.2024224076    1.2350411349
0.5013599182    0.25    0.1878498293    1.3308502913
0.6482017362    0.25    0.2078595008    1.202735497
0.5563520699    0.25    0.1940480223    1.2883408809
0.7035662699    0.25    0.2183816777    1.1447846842
0.600936881 0.25    0.2083469491    1.1999215786
0.7531418524    0.25    0.2266919361    1.102818231
0.6559151765    0.25    0.2123462868    1.1773222114
0.807091079 0.25    0.2325385708    1.0750904641
0.7516255026    0.25    0.2211620853    1.1303926697
0.9031094248    0.25    0.2419298549    1.0333573757
0.8520572938    0.25    0.2430374238    1.0286481648
1.00598251  0.25    0.2564688765    0.9747771481
0.9493482762    0.25    0.2450744199    1.0200983035
1.1127139001    0.25    0.27583384  0.9063427459
1.0521467723    0.25    0.2656473553    0.9410972667
1.2107799451    0.25    0.2809023653    0.889988946
2.049636245 0.25    0.3690423742    0.6774289823
2.2030467701    0.25    0.3678103173    0.6796981711
0.1421999066    0.35    0.150525763 2.3251833647
0.2528132077    0.35    0.1929466757    1.8139726878
0.1947713322    0.35    0.1736978986    2.0149927129
0.3110225439    0.35    0.2135558383    1.6389156243
0.2452032789    0.35    0.1882122892    1.8596022688
0.3698446002    0.35    0.2273652409    1.5393733831
0.2975336146    0.35    0.2059527988    1.6994185176
0.4217293612    0.35    0.2371954213    1.4755765439
0.3478687565    0.35    0.2153021313    1.6256225516
0.4776858167    0.35    0.2512968491    1.3927751233
0.3969609878    0.35    0.2244596208    1.5593005045
0.5294789665    0.35    0.2569434261    1.3621675609
0.447954871 0.35    0.2347817829    1.4907459839
0.5821577529    0.35    0.267707798 1.3073956104
0.4986292888    0.35    0.2559933321    1.3672231114
0.6360112527    0.35    0.2815930232    1.2429285216
0.5481051491    0.35    0.2575254823    1.3590888048
0.6857408818    0.35    0.2878827078    1.2157729191
0.5984384969    0.35    0.276586635 1.2654262922
0.7415137999    0.35    0.297907813 1.1748600899
0.6470198861    0.35    0.2798151779    1.2508256435
0.7881722225    0.35    0.3016679622    1.1602160118
0.756728433 0.35    0.2966173714    1.1799713494
0.8892766597    0.35    0.317639251 1.1018789362
0.851007062 0.35    0.3152498738    1.1102304207
0.9951875341    0.35    0.3280816868    1.0668074874
0.9457826679    0.35    0.3189786299    1.0972521893
1.0935267064    0.35    0.3496066023    1.0011252582
1.0524349773    0.35    0.3386106293    1.0336355971
1.192385935 0.35    0.3525729458    0.9927023732
2.0405443517    0.35    0.4274215444    0.8188637297
2.1864587795    0.35    0.4551155976    0.7690353876
0.1432950474    0.45    0.2374297687    1.8952973018
0.2528042055    0.45    0.290608603 1.5484744615
0.1951285988    0.45    0.2646702592    1.7002288103
0.3110251736    0.45    0.3096351084    1.4533235661
0.2460858777    0.45    0.2873988238    1.565768412
0.3670624002    0.45    0.3271053535    1.3757035623
0.2967684709    0.45    0.3052076374    1.4744060922
0.4219304849    0.45    0.3455191145    1.3023881489
0.349011008 0.45    0.3273948903    1.3744869371
0.4735311081    0.45    0.3565785966    1.2619938613
0.3969120075    0.45    0.3281646152    1.371263016
0.5283392341    0.45    0.369171516 1.2189456133
0.4476383861    0.45    0.346678231 1.2980336224
0.5778158424    0.45    0.3806518846    1.1821825091
0.4965302075    0.45    0.3582726341    1.256026716
0.6319766515    0.45    0.3936705247    1.143087866
0.5485233679    0.45    0.3773409322    1.1925554891
0.6826525523    0.45    0.3959476461    1.1365138913
0.5978473508    0.45    0.3784597263    1.1890300834
0.734344421 0.45    0.4129347316    1.0897605979
0.6502279976    0.45    0.3933136974    1.1441249135
0.7842290566    0.45    0.4179394697    1.0767109417
0.7471626083    0.45    0.404883397 1.1114311016
0.8873349032    0.45    0.4364231871    1.0311092841
0.848091132 0.45    0.4331071584    1.0390038384
0.9901602518    0.45    0.4533313121    0.9926514846
0.9477937195    0.45    0.4465804292    1.007657234
1.0907875955    0.45    0.4643637892    0.9690678094
1.0394525312    0.45    0.4474931119    1.0056020709
1.1846624091    0.45    0.4812988591    0.9349700118
2.041072139 0.45    0.5525080041    0.8144678387
2.1852568536    0.45    0.5889829899    0.7640288561
0.1456542061    0.55    0.3889881895    1.4139246765
0.2577943844    0.55    0.4515023357    1.2181553814
0.1977982635    0.55    0.4267378459    1.2888474862
0.3164349052    0.55    0.4779701547    1.1506994623
0.2481343503    0.55    0.452465067 1.2155634549
0.3728917873    0.55    0.4987004878    1.1028663766
0.2989691152    0.55    0.4683693026    1.1742870357
0.4257235525    0.55    0.515941149 1.0660130541
0.3496887091    0.55    0.4934955915    1.1144983045
0.4783772795    0.55    0.5338646073    1.0302237542
0.3984204307    0.55    0.5037228612    1.0918702373
0.529101368 0.55    0.5492812286    1.0013085672
0.4492157633    0.55    0.519845073 1.0580075267
0.5819490672    0.55    0.5596813837    0.982701973
0.4987880627    0.55    0.5440835356    1.0108741838
0.6336648265    0.55    0.5758204873    0.9551587901
0.5494814561    0.55    0.5485601978    1.0026246931
0.686453787 0.55    0.5867338482    0.9373926554
0.5986985898    0.55    0.5651030505    0.9732738118
0.7386332813    0.55    0.5994467872    0.917512633
0.6500565486    0.55    0.5754464142    0.955779698
0.7883434181    0.55    0.6069220635    0.9062119061
0.7471696502    0.55    0.5892098191    0.9334535546
0.8887783853    0.55    0.6259262757    0.8786977339
0.8476469681    0.55    0.6135840734    0.8963726796
0.9875259643    0.55    0.6449917303    0.8527241113
0.9476632325    0.55    0.6289759842    0.8744372023
1.086946815 0.55    0.6614872548    0.8314597085
1.0445280952    0.55    0.660468299 0.8327424659
1.187755161 0.55    0.6667891064    0.8248485087
2.0403306558    0.55    0.7580951854    0.725502563
2.1773073603    0.55    0.7875407912    0.6983765237
0.1519975369    0.65    0.7083009751    0.9176889809
0.2706079969    0.65    0.7640988299    0.8506752982
0.203343725 0.65    0.753508825 0.8626309054
0.3288414202    0.65    0.7940441135    0.8185943185
0.2543284284    0.65    0.7802893508    0.8330243125
0.3827561042    0.65    0.8130126046    0.7994955999
0.305040522 0.65    0.8004868151    0.8120058791
0.4370912412    0.65    0.8323509134    0.7809206304
0.3542912261    0.65    0.8159206135    0.796646131
0.4907353806    0.65    0.8551437476    0.7601061246
0.404546574 0.65    0.8376349629    0.7759943517
0.5423905351    0.65    0.870635754 0.7465808715
0.453988705 0.65    0.8598976267    0.7559039353
0.5938738634    0.65    0.8846074072    0.734789235
0.5034258705    0.65    0.8641036297    0.7522245917
0.6443406309    0.65    0.8936693963    0.727338323
0.5528132413    0.65    0.8824677042    0.7365708647
0.6957327837    0.65    0.9053640583    0.717943234
0.6023632815    0.65    0.8887881371    0.7313328935
0.7449951878    0.65    0.9170436288    0.7087994285
0.6525273687    0.65    0.9073406447    0.7163792384
0.7958680727    0.65    0.9248894581    0.702786689
0.7513024291    0.65    0.9110477891    0.7134642198
0.8949383131    0.65    0.9377681343    0.6931350899
0.8518440419    0.65    0.9346780335    0.6954266354
0.994243728 0.65    0.9531381803    0.6819577827
0.9489729196    0.65    0.9646871984    0.6737935375
1.0930654728    0.65    0.9671824314    0.6720552183
1.0515605351    0.65    0.9723689314    0.6684705558
1.1925010065    0.65    0.9826396514    0.6614835856
2.0384378911    0.65    1.1090179872    0.5861041097
2.184683106 0.65    1.0920040748    0.5952358741
0.1672747094    0.75    1.4863919752    0.5045775358
0.2977879964    0.75    1.3793931109    0.543717374
0.2186168101    0.75    1.5212000347    0.4930318057
0.3567150556    0.75    1.4088657252    0.5323431372
0.2682807645    0.75    1.5308198968    0.4899335327
0.4116103668    0.75    1.4335882479    0.5231627708
0.3168407539    0.75    1.5266617874    0.4912679457
0.4637173017    0.75    1.4427615719    0.5198364128
0.366016532 0.75    1.5221832579    0.4927133419
0.5161310414    0.75    1.4481843838    0.5178898546
0.4151619976    0.75    1.5235073043    0.4922851357
0.5677910396    0.75    1.4565059618    0.514930951
0.4653101438    0.75    1.5241596525    0.4920744351
0.617192934 0.75    1.4612022961    0.5132759523
0.5140769979    0.75    1.5121161343    0.4959936496
0.6672529539    0.75    1.4589372199    0.51407284
0.5612211142    0.75    1.5034284231    0.4988597983
0.7185275756    0.75    1.4787892325    0.5071716669
0.6122288914    0.75    1.5314860499    0.4897204255
0.7679023962    0.75    1.4850401514    0.5050368499
0.661830007 0.75    1.5233710554    0.4923291652
0.8202191877    0.75    1.4919408495    0.5027008948
0.7600225114    0.75    1.5101705486    0.496632649
0.9151900214    0.75    1.4942497138    0.5019241383
0.8563572343    0.75    1.5133549134    0.4955876466
1.0131838445    0.75    1.4957372518    0.5014249656
0.9565268623    0.75    1.5003278444    0.4998907424
1.1134113117    0.75    1.508780217 0.4970902929
1.0535597325    0.75    1.5268626376    0.4912033221
1.2105524801    0.75    1.5020118056    0.4993302964
2.0419478029    0.75    1.5643488668    0.4794326994
2.1907774244    0.75    1.5660005841    0.4789270244
0.2021069799    0.85    8.2784525402    0.1026761941
0.3597664718    0.85    3.7243935091    0.2282250782
0.2548555653    0.85    6.3589744851    0.1336693522
0.4190881864    0.85    3.327168712 0.2554724673
0.3050885374    0.85    5.2798789729    0.1609885386
0.4741736688    0.85    3.0966934146    0.2744863266
0.3534570242    0.85    4.527834232 0.1877277207
0.5251444372    0.85    2.9526911498    0.2878729799
0.4002404322    0.85    4.0424961718    0.2102661237
0.5751366172    0.85    2.8668268192    0.2964950636
0.4476007461    0.85    3.7358771683    0.2275235404
0.6251720593    0.85    2.8054129946    0.3029856929
0.4947015573    0.85    3.5263770599    0.241040588
0.6745200059    0.85    2.7605397087    0.3079108036
0.5414701556    0.85    3.3481229131    0.2538735949
0.7225916613    0.85    2.7148310742    0.313094987
0.587942678 0.85    3.2185057798    0.2640977081
0.7723860489    0.85    2.6932765654    0.3156007114
0.6361526383    0.85    3.1232825261    0.2721495711
0.8183132982    0.85    2.6508822706    0.3206479629
0.6833942723    0.85    3.0332096934    0.2802312026
0.8669188589    0.85    2.6269021153    0.3235750564
0.7792016072    0.85    2.9015613564    0.2929457267
0.963797159 0.85    2.5936047431    0.3277291971
0.873358915 0.85    2.7933676157    0.3042922082
1.0598095057    0.85    2.568393224 0.3309462087
0.9716540587    0.85    2.7320160701    0.3111255491
1.1537255708    0.85    2.5251089115    0.3366191439
1.0689544829    0.85    2.6848003562    0.3165970974
1.2524451006    0.85    2.5198020613    0.3373280835
2.0494522026    0.85    2.4272536795    0.350190014
2.2180778332    0.85    2.3951571465    0.3548827689
0.2455627154    0.95    305196.342727   3.11275027581107E-006
0.4496949336    0.95    90.6914589127   0.0104750768
0.3055324038    0.95    17992.0546919   5.28010844935731E-005
0.5145958306    0.95    43.0566549397   0.0220639527
0.3610418241    0.95    3301.95771625   0.0002877081
0.5735590312    0.95    25.0312574609   0.037952548
0.4151377305    0.95    637.155976641   0.0014910007
0.628138833 0.95    17.3198968102   0.0548502113
0.4653084902    0.95    556.387508374   0.0017074431
0.6814035909    0.95    12.7132250845   0.0747253347
0.5150513342    0.95    173.046227719   0.0054898625
0.7310160634    0.95    10.2707249386   0.0924959052
0.5622805837    0.95    117.504958322   0.0080847652
0.7798222494    0.95    8.4945201245    0.1118368061
0.6098618274    0.95    68.580727138    0.0138522882
0.8265264104    0.95    7.3815906846    0.1286985476
0.6551245959    0.95    39.1913052399   0.0242400704
0.8734704558    0.95    6.608170132 0.1437614318
0.6993074332    0.95    26.0997629052   0.0363987981
0.9189028525    0.95    6.0489894629    0.1570510258
0.7433022045    0.95    17.8317763464   0.0532756794
0.9624654351    0.95    5.6446215814    0.1683018049
0.8322766868    0.95    10.7830093062   0.0881015654
1.0533365555    0.95    5.0867131603    0.1867610715
0.9201289267    0.95    7.8357451276    0.1212392676
1.1436055618    0.95    4.7427014966    0.2003077783
1.0110181893    0.95    6.3578887446    0.1494206706
1.2346875248    0.95    4.4857514627    0.2117816843
1.1033014539    0.95    5.5442692353    0.1713481001
1.3249424818    0.95    4.3137157879    0.2202277681
2.0633117235    0.95    3.7667811045    0.252204727
2.2626359311    0.95    3.5963735765    0.2641549827
